0.000000000000      0.000000000000
0.000251728808      -0.002807318734
0.001006661764      -0.005575696838
0.002264038713      -0.008304001782
0.004022593585      -0.010990826461
0.006280555662      -0.013634498072
0.009035651369      -0.016233090327
0.012285106557      -0.018784438840
0.016025649302      -0.021286159504
0.020253513193      -0.023735669623
0.024964441130      -0.026130211550
0.030153689607      -0.028466878529
0.035816033492      -0.030742642435
0.041945771284      -0.032954383063
0.048536730857      -0.035098918624
0.055582275673      -0.037173037069
0.063075311465      -0.039173527872
0.071008293383      -0.041097213904
0.079373233584      -0.042940983005
0.088161709285      -0.044701818915
0.097364871234      -0.046376831189
0.106973452629      -0.047963283781
0.116977778441      -0.049458621969
0.127367775162      -0.050860497349
0.138132980947      -0.052166790625
0.149262556147      -0.053375631990
0.160745294221      -0.054485418891
0.172569633027      -0.055494831041
0.184723666458      -0.056402842547
0.197195156431      -0.057208731105
0.209971545214      -0.057912084202
0.223039968067      -0.058512802353
0.236387266195      -0.059011099406
0.250000000000      -0.059407500000
0.263864462614      -0.059702834297
0.277966693697      -0.059898230140
0.292292493499      -0.059995102816
0.306827437153      -0.059995142632
0.321556889204      -0.059900300545
0.336466018341      -0.059712772089
0.351539812336      -0.059434979871
0.366763093155      -0.059069554913
0.382120532245      -0.058619317127
0.397596665967      -0.058087255212
0.413175911167      -0.057476506250
0.428842580863      -0.056790335287
0.444580900049      -0.056032115175
0.460375021572      -0.055205306903
0.476209042088      -0.054313440681
0.492067018083      -0.053360097976
0.507932981917      -0.052348894690
0.523790957912      -0.051283465649
0.539624978428      -0.050167450534
0.555419099951      -0.049004481364
0.571157419137      -0.047798171595
0.586824088833      -0.046552106894
0.602403334033      -0.045269837579
0.617879467755      -0.043954872728
0.633236906845      -0.042610675896
0.648460187664      -0.041240662359
0.663533981659      -0.039848197805
0.678443110796      -0.038436598318
0.693172562847      -0.037009131537
0.707707506501      -0.035569018800
0.722033306303      -0.034119438122
0.736135537386      -0.032663527795
0.750000000000      -0.031204390430
0.763612733805      -0.029745097239
0.776960031933      -0.028288692350
0.790028454786      -0.026838196974
0.802804843569      -0.025396613227
0.815276333542      -0.023966927434
0.827430366973      -0.022552112758
0.839254705779      -0.021155131000
0.850737443853      -0.019778933448
0.861867019053      -0.018426460678
0.872632224838      -0.017100641217
0.883022221559      -0.015804389011
0.893026547371      -0.014540599677
0.902635128766      -0.013312145529
0.911838290715      -0.012121869390
0.920626766416      -0.010972577258
0.928991706617      -0.009867029868
0.936924688535      -0.008807933274
0.944417724327      -0.007797928540
0.951463269143      -0.006839580687
0.958054228716      -0.005935367047
0.964183966508      -0.005087665177
0.969846310393      -0.004298740524
0.975035558870      -0.003570734006
0.979746486807      -0.002905649707
0.983974350698      -0.002305342870
0.987714893443      -0.001771508372
0.990964348631      -0.001305669860
0.993719444338      -0.000909169721
0.995977406415      -0.000583160036
0.997735961287      -0.000328594676
0.998993338236      -0.000146222646
0.999748271192      -0.000036582798
1.000000000000      0.000000000000
