0.000000E+00,0.000000E+00,0.000000E+00,0.000000E+00,0.000000E+00,0.000000E+00,0.000000E+00,2.716476E+00,0.000000E+00,0.000000E+00
6.330000E-05,5.077950E-02,5.077950E-02,2.130680E-02,3.520000E-05,1.468190E-02,-1.000000E-07,2.715980E+00,7.390900E-03,-3.440000E-05
2.532000E-04,2.031125E-01,2.031113E-01,8.504650E-02,5.502000E-04,5.762110E-02,-9.600000E-06,2.714611E+00,2.946900E-02,-5.275000E-04
5.696000E-04,4.569822E-01,4.569658E-01,1.907537E-01,2.676800E-03,1.256164E-01,-1.116000E-04,2.712727E+00,6.531740E-02,-2.489200E-03
1.012600E-03,8.123609E-01,8.122192E-01,3.378502E-01,8.006500E-03,2.138667E-01,-6.449000E-04,2.710914E+00,1.124576E-01,-7.138300E-03
1.582000E-03,1.269209E+00,1.268389E+00,5.255096E-01,1.822980E-02,3.165340E-01,-2.521700E-03,2.709994E+00,1.660224E-01,-1.541820E-02
2.277900E-03,1.827478E+00,1.823958E+00,7.518025E-01,3.477300E-02,4.274118E-01,-7.626000E-03,2.710991E+00,2.191097E-01,-2.764760E-02
3.100100E-03,2.487105E+00,2.475078E+00,1.011903E+00,5.852640E-02,5.405785E-01,-1.905130E-02,2.715079E+00,2.641978E-01,-4.343770E-02
4.048600E-03,3.248018E+00,3.213722E+00,1.296110E+00,8.972590E-02,6.510281E-01,-4.077860E-02,2.723438E+00,2.953186E-01,-6.186030E-02
5.123200E-03,4.110135E+00,4.025897E+00,1.589365E+00,1.279972E-01,7.551733E-01,-7.656780E-02,2.737085E+00,3.102498E-01,-8.173480E-02
6.323800E-03,5.073359E+00,4.890990E+00,1.873385E+00,1.725194E-01,8.510510E-01,-1.284327E-01,2.756667E+00,3.116825E-01,-1.018702E-01
7.650400E-03,6.137586E+00,5.783083E+00,2.130591E+00,2.222303E-01,9.381296E-01,-1.955355E-01,2.782350E+00,3.066139E-01,-1.211773E-01
9.102700E-03,7.302699E+00,6.674145E+00,2.347838E+00,2.759917E-01,1.016798E+00,-2.741580E-01,2.813738E+00,3.039734E-01,-1.386834E-01
1.068060E-02,8.568571E+00,7.538041E+00,2.518356E+00,3.326805E-01,1.087762E+00,-3.587499E-01,2.849920E+00,3.117224E-01,-1.535405E-01
1.238390E-02,9.935061E+00,8.353904E+00,2.641562E+00,3.912142E-01,1.151630E+00,-4.434675E-01,2.889523E+00,3.345925E-01,-1.651028E-01
1.421240E-02,1.140202E+01,9.107903E+00,2.721413E+00,4.505498E-01,1.208785E+00,-5.234825E-01,2.930881E+00,3.734264E-01,-1.730355E-01
1.616600E-02,1.296929E+01,9.793232E+00,2.764325E+00,5.096864E-01,1.259452E+00,-5.956384E-01,2.972183E+00,4.257527E-01,-1.774018E-01
1.824440E-02,1.463670E+01,1.040886E+01,2.777469E+00,5.676912E-01,1.303800E+00,-6.584557E-01,3.011705E+00,4.872447E-01,-1.786471E-01
2.044730E-02,1.640406E+01,1.095778E+01,2.767713E+00,6.237398E-01,1.342039E+00,-7.117442E-01,3.047950E+00,5.530636E-01,-1.775061E-01
2.277470E-02,1.827118E+01,1.144538E+01,2.741089E+00,6.771482E-01,1.374486E+00,-7.561308E-01,3.079736E+00,6.188254E-01,-1.748702E-01
2.522610E-02,2.023785E+01,1.187813E+01,2.702619E+00,7.273951E-01,1.401568E+00,-7.926438E-01,3.106225E+00,6.811162E-01,-1.716284E-01
2.780130E-02,2.230387E+01,1.226274E+01,2.656327E+00,7.741412E-01,1.423783E+00,-8.224474E-01,3.126976E+00,7.376998E-01,-1.685258E-01
3.050010E-02,2.446899E+01,1.260566E+01,2.605350E+00,8.172056E-01,1.441677E+00,-8.466951E-01,3.141851E+00,7.870722E-01,-1.660408E-01
3.332220E-02,2.673300E+01,1.291274E+01,2.552147E+00,8.565316E-01,1.455817E+00,-8.664091E-01,3.150937E+00,8.284591E-01,-1.644257E-01
3.626710E-02,2.909563E+01,1.318920E+01,2.498568E+00,8.921823E-01,1.466815E+00,-8.823798E-01,3.154442E+00,8.612928E-01,-1.637501E-01
3.933470E-02,3.155663E+01,1.343969E+01,2.445964E+00,9.243122E-01,1.475176E+00,-8.952262E-01,3.152706E+00,8.854120E-01,-1.640576E-01
4.252460E-02,3.411573E+01,1.366823E+01,2.395286E+00,9.531339E-01,1.481164E+00,-9.054702E-01,3.146182E+00,9.012140E-01,-1.652713E-01
4.583640E-02,3.677264E+01,1.387825E+01,2.347181E+00,9.788838E-01,1.484997E+00,-9.135787E-01,3.135565E+00,9.091573E-01,-1.672288E-01
4.926980E-02,3.952709E+01,1.407256E+01,2.302063E+00,1.001783E+00,1.486943E+00,-9.199375E-01,3.121456E+00,9.097205E-01,-1.695893E-01
5.282430E-02,4.237875E+01,1.425352E+01,2.260166E+00,1.022043E+00,1.487324E+00,-9.248912E-01,3.104442E+00,9.037419E-01,-1.720422E-01
5.649960E-02,4.532733E+01,1.442313E+01,2.221640E+00,1.039889E+00,1.486453E+00,-9.287752E-01,3.085115E+00,8.922393E-01,-1.743971E-01
6.029540E-02,4.837250E+01,1.458304E+01,2.186440E+00,1.055547E+00,1.484553E+00,-9.319466E-01,3.064083E+00,8.765835E-01,-1.766156E-01
6.421110E-02,5.151392E+01,1.473470E+01,2.154346E+00,1.069235E+00,1.481824E+00,-9.345521E-01,3.041898E+00,8.580375E-01,-1.786575E-01
6.824640E-02,5.475125E+01,1.487947E+01,2.125012E+00,1.081147E+00,1.478535E+00,-9.365803E-01,3.018953E+00,8.373209E-01,-1.803894E-01
7.240080E-02,5.808414E+01,1.501847E+01,2.098173E+00,1.091443E+00,1.474799E+00,-9.380990E-01,2.995351E+00,8.146776E-01,-1.816472E-01
7.667380E-02,6.151221E+01,1.515243E+01,2.073902E+00,1.100267E+00,1.470621E+00,-9.392433E-01,2.971154E+00,7.908274E-01,-1.824073E-01
8.106500E-02,6.503510E+01,1.528192E+01,2.052021E+00,1.107795E+00,1.466086E+00,-9.400473E-01,2.946524E+00,7.665804E-01,-1.826294E-01
8.557390E-02,6.865242E+01,1.540750E+01,2.032238E+00,1.114197E+00,1.461266E+00,-9.404862E-01,2.921732E+00,7.423778E-01,-1.823745E-01
9.020000E-02,7.236377E+01,1.552970E+01,2.014215E+00,1.119588E+00,1.456284E+00,-9.405227E-01,2.896881E+00,7.181854E-01,-1.814194E-01
9.494290E-02,7.616874E+01,1.564908E+01,1.997539E+00,1.124075E+00,1.451178E+00,-9.400891E-01,2.871992E+00,6.940764E-01,-1.799260E-01
9.980190E-02,8.006691E+01,1.576602E+01,1.981993E+00,1.127798E+00,1.445839E+00,-9.391813E-01,2.847080E+00,6.699151E-01,-1.779583E-01
1.047765E-01,8.405787E+01,1.588080E+01,1.967491E+00,1.130882E+00,1.440340E+00,-9.378300E-01,2.822229E+00,6.456991E-01,-1.757946E-01
1.098663E-01,8.814117E+01,1.599367E+01,1.953903E+00,1.133426E+00,1.434629E+00,-9.361578E-01,2.797612E+00,6.211645E-01,-1.733960E-01
1.150706E-01,9.231636E+01,1.610478E+01,1.941217E+00,1.135478E+00,1.428788E+00,-9.343628E-01,2.773370E+00,5.971861E-01,-1.708454E-01
1.203888E-01,9.658298E+01,1.621419E+01,1.929374E+00,1.137077E+00,1.423043E+00,-9.325185E-01,2.749826E+00,5.745133E-01,-1.681355E-01
1.258205E-01,1.009406E+02,1.632202E+01,1.918277E+00,1.138273E+00,1.417484E+00,-9.305841E-01,2.727051E+00,5.534241E-01,-1.655769E-01
1.313649E-01,1.053887E+02,1.642847E+01,1.907789E+00,1.139132E+00,1.412099E+00,-9.285158E-01,2.704974E+00,5.338076E-01,-1.630897E-01
1.370216E-01,1.099267E+02,1.653361E+01,1.897633E+00,1.139724E+00,1.406790E+00,-9.263364E-01,2.683351E+00,5.163329E-01,-1.608281E-01
1.427898E-01,1.145543E+02,1.663756E+01,1.887729E+00,1.140109E+00,1.401614E+00,-9.240513E-01,2.662324E+00,5.003736E-01,-1.587316E-01
1.486689E-01,1.192709E+02,1.674034E+01,1.878116E+00,1.140309E+00,1.396775E+00,-9.216273E-01,2.641908E+00,4.851322E-01,-1.566483E-01
1.546583E-01,1.240760E+02,1.684200E+01,1.868698E+00,1.140296E+00,1.392244E+00,-9.190172E-01,2.622056E+00,4.699598E-01,-1.544545E-01
1.607574E-01,1.289690E+02,1.694268E+01,1.859360E+00,1.140039E+00,1.387949E+00,-9.162423E-01,2.602765E+00,4.555076E-01,-1.521168E-01
1.669654E-01,1.339494E+02,1.704255E+01,1.850145E+00,1.139582E+00,1.383756E+00,-9.133814E-01,2.584421E+00,4.427281E-01,-1.497239E-01
1.732817E-01,1.390167E+02,1.714168E+01,1.841076E+00,1.139029E+00,1.379493E+00,-9.105258E-01,2.567444E+00,4.318614E-01,-1.475341E-01
1.797056E-01,1.441704E+02,1.724018E+01,1.832029E+00,1.138434E+00,1.375172E+00,-9.075780E-01,2.551710E+00,4.221826E-01,-1.456110E-01
1.862364E-01,1.494097E+02,1.733826E+01,1.823007E+00,1.137785E+00,1.370810E+00,-9.044965E-01,2.536796E+00,4.134680E-01,-1.440279E-01
1.928733E-01,1.547343E+02,1.743611E+01,1.814126E+00,1.137003E+00,1.366474E+00,-9.012420E-01,2.522437E+00,4.053432E-01,-1.425825E-01
1.996157E-01,1.601434E+02,1.753376E+01,1.805463E+00,1.136003E+00,1.362094E+00,-8.978168E-01,2.508314E+00,3.976576E-01,-1.410785E-01
2.064628E-01,1.656365E+02,1.763111E+01,1.796938E+00,1.134788E+00,1.357724E+00,-8.941950E-01,2.494260E+00,3.910255E-01,-1.392810E-01
2.134138E-01,1.712131E+02,1.772809E+01,1.788441E+00,1.133401E+00,1.353426E+00,-8.903957E-01,2.480383E+00,3.855775E-01,-1.373547E-01
2.204680E-01,1.768724E+02,1.782462E+01,1.779982E+00,1.131865E+00,1.349063E+00,-8.863557E-01,2.466561E+00,3.816977E-01,-1.353878E-01
2.276246E-01,1.826138E+02,1.792071E+01,1.771571E+00,1.130186E+00,1.344579E+00,-8.820972E-01,2.452920E+00,3.794023E-01,-1.336444E-01
2.348829E-01,1.884368E+02,1.801639E+01,1.763321E+00,1.128361E+00,1.340105E+00,-8.776370E-01,2.439197E+00,3.783227E-01,-1.322514E-01
2.422420E-01,1.943407E+02,1.811181E+01,1.755390E+00,1.126362E+00,1.335904E+00,-8.729825E-01,2.425441E+00,3.778569E-01,-1.310698E-01
2.497011E-01,2.003249E+02,1.820706E+01,1.747625E+00,1.124177E+00,1.332159E+00,-8.680012E-01,2.411616E+00,3.778407E-01,-1.301926E-01
2.572595E-01,2.063886E+02,1.830213E+01,1.739694E+00,1.121805E+00,1.328551E+00,-8.626312E-01,2.397913E+00,3.776158E-01,-1.293765E-01
2.649162E-01,2.125313E+02,1.839707E+01,1.731568E+00,1.119230E+00,1.324879E+00,-8.569462E-01,2.384211E+00,3.772246E-01,-1.286780E-01
2.726704E-01,2.187522E+02,1.849199E+01,1.723145E+00,1.116453E+00,1.321091E+00,-8.510222E-01,2.370616E+00,3.767619E-01,-1.279835E-01
2.805214E-01,2.250507E+02,1.858687E+01,1.714578E+00,1.113449E+00,1.317121E+00,-8.450216E-01,2.356890E+00,3.765484E-01,-1.272324E-01
2.884681E-01,2.314261E+02,1.868161E+01,1.705928E+00,1.110177E+00,1.312985E+00,-8.388944E-01,2.343021E+00,3.768903E-01,-1.265473E-01
2.965099E-01,2.378776E+02,1.877624E+01,1.697120E+00,1.106627E+00,1.308839E+00,-8.325356E-01,2.329008E+00,3.776308E-01,-1.259944E-01
3.046457E-01,2.444046E+02,1.887085E+01,1.688073E+00,1.102845E+00,1.304693E+00,-8.258632E-01,2.315090E+00,3.783470E-01,-1.254416E-01
3.128747E-01,2.510064E+02,1.896550E+01,1.678835E+00,1.098891E+00,1.300329E+00,-8.189660E-01,2.301343E+00,3.787562E-01,-1.247459E-01
3.211959E-01,2.576822E+02,1.906014E+01,1.669504E+00,1.094829E+00,1.295552E+00,-8.119551E-01,2.287709E+00,3.792076E-01,-1.239951E-01
3.296086E-01,2.644313E+02,1.915479E+01,1.659986E+00,1.090718E+00,1.290398E+00,-8.047746E-01,2.274083E+00,3.798707E-01,-1.233255E-01
3.381117E-01,2.712530E+02,1.924949E+01,1.650195E+00,1.086580E+00,1.284883E+00,-7.974437E-01,2.260418E+00,3.808337E-01,-1.227979E-01
3.467043E-01,2.781465E+02,1.934436E+01,1.640326E+00,1.082355E+00,1.279012E+00,-7.899300E-01,2.246640E+00,3.815772E-01,-1.223776E-01
3.553854E-01,2.851111E+02,1.943928E+01,1.630554E+00,1.077956E+00,1.272819E+00,-7.823086E-01,2.232512E+00,3.822170E-01,-1.220150E-01
3.641542E-01,2.921459E+02,1.953410E+01,1.620722E+00,1.073338E+00,1.266197E+00,-7.745767E-01,2.217919E+00,3.827942E-01,-1.216457E-01
3.730097E-01,2.992503E+02,1.962871E+01,1.610681E+00,1.068535E+00,1.259223E+00,-7.667122E-01,2.202990E+00,3.839933E-01,-1.214912E-01
3.819508E-01,3.064234E+02,1.972320E+01,1.600225E+00,1.063540E+00,1.252161E+00,-7.586749E-01,2.187698E+00,3.852653E-01,-1.213964E-01
3.909767E-01,3.136644E+02,1.981755E+01,1.589323E+00,1.058321E+00,1.244792E+00,-7.504884E-01,2.172124E+00,3.868855E-01,-1.213524E-01
4.000862E-01,3.209726E+02,1.991158E+01,1.578250E+00,1.052886E+00,1.237401E+00,-7.422791E-01,2.156196E+00,3.884473E-01,-1.213090E-01
4.092785E-01,3.283472E+02,2.000518E+01,1.567195E+00,1.047233E+00,1.229977E+00,-7.339924E-01,2.140213E+00,3.895912E-01,-1.213129E-01
4.185525E-01,3.357874E+02,2.009851E+01,1.556243E+00,1.041322E+00,1.222401E+00,-7.254375E-01,2.123864E+00,3.902455E-01,-1.213976E-01
4.279072E-01,3.432922E+02,2.019166E+01,1.545498E+00,1.035108E+00,1.214530E+00,-7.166241E-01,2.106948E+00,3.911485E-01,-1.216093E-01
4.373415E-01,3.508610E+02,2.028470E+01,1.534666E+00,1.028590E+00,1.206352E+00,-7.075410E-01,2.089736E+00,3.923648E-01,-1.219530E-01
4.468545E-01,3.584929E+02,2.037745E+01,1.523604E+00,1.021795E+00,1.197872E+00,-6.983368E-01,2.072655E+00,3.943575E-01,-1.223582E-01
4.564450E-01,3.661870E+02,2.046988E+01,1.512225E+00,1.014768E+00,1.189019E+00,-6.889215E-01,2.055924E+00,3.964609E-01,-1.227230E-01
4.661121E-01,3.739425E+02,2.056206E+01,1.500470E+00,1.007508E+00,1.179790E+00,-6.792304E-01,2.039121E+00,3.984797E-01,-1.232183E-01
4.758547E-01,3.817586E+02,2.065396E+01,1.488464E+00,9.999951E-01,1.170455E+00,-6.692544E-01,2.021735E+00,4.002446E-01,-1.237261E-01
4.856717E-01,3.896343E+02,2.074544E+01,1.476285E+00,9.922335E-01,1.160984E+00,-6.589695E-01,2.003977E+00,4.026419E-01,-1.242964E-01
4.955620E-01,3.975689E+02,2.083650E+01,1.463847E+00,9.842180E-01,1.150949E+00,-6.483838E-01,1.986012E+00,4.051901E-01,-1.245962E-01
5.055246E-01,4.055615E+02,2.092712E+01,1.451183E+00,9.758978E-01,1.140181E+00,-6.375078E-01,1.967502E+00,4.076874E-01,-1.246051E-01
5.155583E-01,4.136111E+02,2.101738E+01,1.438183E+00,9.672577E-01,1.128996E+00,-6.262500E-01,1.948057E+00,4.100210E-01,-1.242042E-01
5.256621E-01,4.217170E+02,2.110728E+01,1.424913E+00,9.583605E-01,1.117655E+00,-6.147890E-01,1.928052E+00,4.130255E-01,-1.235611E-01
5.358348E-01,4.298781E+02,2.119669E+01,1.411478E+00,9.493326E-01,1.106135E+00,-6.033120E-01,1.907588E+00,4.166750E-01,-1.226322E-01
5.460754E-01,4.380937E+02,2.128554E+01,1.397913E+00,9.402073E-01,1.094336E+00,-5.916854E-01,1.887203E+00,4.209161E-01,-1.215075E-01
5.563826E-01,4.463628E+02,2.137384E+01,1.384021E+00,9.309389E-01,1.082068E+00,-5.798590E-01,1.866838E+00,4.252255E-01,-1.202570E-01
5.667555E-01,4.546845E+02,2.146178E+01,1.369548E+00,9.214792E-01,1.069422E+00,-5.677832E-01,1.846732E+00,4.287421E-01,-1.190454E-01
5.771927E-01,4.630579E+02,2.154933E+01,1.354798E+00,9.117722E-01,1.056194E+00,-5.554845E-01,1.826495E+00,4.314961E-01,-1.178844E-01
5.876933E-01,4.714821E+02,2.163634E+01,1.339691E+00,9.018401E-01,1.042578E+00,-5.428868E-01,1.806164E+00,4.340360E-01,-1.166009E-01
5.982560E-01,4.799561E+02,2.172286E+01,1.324029E+00,8.917301E-01,1.028823E+00,-5.300338E-01,1.785993E+00,4.358287E-01,-1.151759E-01
6.088797E-01,4.884790E+02,2.180911E+01,1.307965E+00,8.814797E-01,1.014902E+00,-5.168993E-01,1.766024E+00,4.362610E-01,-1.137230E-01
6.195633E-01,4.970500E+02,2.189498E+01,1.291616E+00,8.710915E-01,1.000627E+00,-5.036729E-01,1.746100E+00,4.354358E-01,-1.124945E-01
6.303054E-01,5.056680E+02,2.198032E+01,1.274851E+00,8.605600E-01,9.858672E-01,-4.902464E-01,1.725882E+00,4.333943E-01,-1.113968E-01
6.411051E-01,5.143321E+02,2.206528E+01,1.257554E+00,8.498253E-01,9.707025E-01,-4.765733E-01,1.704880E+00,4.299653E-01,-1.101366E-01
6.519610E-01,5.230414E+02,2.215005E+01,1.239534E+00,8.388452E-01,9.550542E-01,-4.624802E-01,1.682987E+00,4.254459E-01,-1.085838E-01
6.628720E-01,5.317948E+02,2.223449E+01,1.220812E+00,8.276336E-01,9.386812E-01,-4.480689E-01,1.660604E+00,4.199877E-01,-1.067908E-01
6.738370E-01,5.405916E+02,2.231844E+01,1.201584E+00,8.161473E-01,9.217841E-01,-4.333523E-01,1.637814E+00,4.133506E-01,-1.047974E-01
6.848546E-01,5.494305E+02,2.240168E+01,1.182069E+00,8.043102E-01,9.046177E-01,-4.184729E-01,1.614333E+00,4.057865E-01,-1.025734E-01
6.959237E-01,5.583108E+02,2.248408E+01,1.162036E+00,7.921111E-01,8.870352E-01,-4.034798E-01,1.590165E+00,3.978942E-01,-1.001172E-01
7.070431E-01,5.672315E+02,2.256556E+01,1.141399E+00,7.796112E-01,8.690308E-01,-3.883434E-01,1.565423E+00,3.897773E-01,-9.744500E-02
7.182116E-01,5.761914E+02,2.264597E+01,1.120522E+00,7.667912E-01,8.507444E-01,-3.731359E-01,1.539815E+00,3.810971E-01,-9.452210E-02
7.294278E-01,5.851898E+02,2.272523E+01,1.099411E+00,7.537054E-01,8.321021E-01,-3.578604E-01,1.513338E+00,3.721821E-01,-9.142570E-02
7.406907E-01,5.942255E+02,2.280349E+01,1.077588E+00,7.404374E-01,8.128827E-01,-3.424905E-01,1.486425E+00,3.625166E-01,-8.820380E-02
7.519990E-01,6.032977E+02,2.288072E+01,1.054977E+00,7.269617E-01,7.931024E-01,-3.269744E-01,1.458890E+00,3.517964E-01,-8.497470E-02
7.633513E-01,6.124052E+02,2.295672E+01,1.031783E+00,7.132437E-01,7.729007E-01,-3.115151E-01,1.430748E+00,3.400938E-01,-8.168750E-02
7.747466E-01,6.215472E+02,2.303116E+01,1.008212E+00,6.993351E-01,7.523441E-01,-2.963495E-01,1.402244E+00,3.280202E-01,-7.832340E-02
7.861835E-01,6.307225E+02,2.310401E+01,9.840487E-01,6.852755E-01,7.316092E-01,-2.814397E-01,1.373687E+00,3.154386E-01,-7.492270E-02
7.976607E-01,6.399302E+02,2.317528E+01,9.591890E-01,6.710580E-01,7.106153E-01,-2.666902E-01,1.345002E+00,3.018859E-01,-7.154350E-02
8.091771E-01,6.491694E+02,2.324486E+01,9.337579E-01,6.566246E-01,6.897221E-01,-2.521604E-01,1.315903E+00,2.873311E-01,-6.808240E-02
8.207314E-01,6.584388E+02,2.331263E+01,9.076911E-01,6.419756E-01,6.688012E-01,-2.379371E-01,1.286111E+00,2.722250E-01,-6.448040E-02
8.323222E-01,6.677377E+02,2.337847E+01,8.810949E-01,6.271431E-01,6.476876E-01,-2.240816E-01,1.256020E+00,2.567156E-01,-6.072900E-02
8.439483E-01,6.770649E+02,2.344222E+01,8.538734E-01,6.121644E-01,6.263569E-01,-2.105836E-01,1.225750E+00,2.405906E-01,-5.685780E-02
8.556085E-01,6.864194E+02,2.350387E+01,8.259011E-01,5.970647E-01,6.048665E-01,-1.973245E-01,1.195183E+00,2.238567E-01,-5.298010E-02
8.673015E-01,6.958001E+02,2.356325E+01,7.972483E-01,5.818425E-01,5.831273E-01,-1.842364E-01,1.164232E+00,2.067869E-01,-4.909100E-02
8.790259E-01,7.052062E+02,2.362017E+01,7.681416E-01,5.664357E-01,5.612576E-01,-1.713462E-01,1.132873E+00,1.894300E-01,-4.517730E-02
8.907805E-01,7.146364E+02,2.367457E+01,7.387059E-01,5.508033E-01,5.394669E-01,-1.586974E-01,1.101034E+00,1.716972E-01,-4.126800E-02
9.025641E-01,7.240899E+02,2.372646E+01,7.089009E-01,5.350044E-01,5.178685E-01,-1.463209E-01,1.068983E+00,1.538382E-01,-3.751160E-02
9.143752E-01,7.335655E+02,2.377586E+01,6.786509E-01,5.191458E-01,4.964971E-01,-1.342583E-01,1.037089E+00,1.360478E-01,-3.395130E-02
9.262127E-01,7.430622E+02,2.382267E+01,6.480255E-01,5.033050E-01,4.753005E-01,-1.226281E-01,1.005653E+00,1.186189E-01,-3.055480E-02
9.380752E-01,7.525790E+02,2.386675E+01,6.170881E-01,4.875271E-01,4.543440E-01,-1.115366E-01,9.747524E-01,1.017861E-01,-2.727570E-02
9.499614E-01,7.621148E+02,2.390809E+01,5.858821E-01,4.718032E-01,4.336594E-01,-1.009833E-01,9.442071E-01,8.540280E-02,-2.407000E-02
9.618700E-01,7.716686E+02,2.394678E+01,5.546356E-01,4.560923E-01,4.131989E-01,-9.089700E-02,9.136624E-01,6.935290E-02,-2.095420E-02
9.737998E-01,7.812393E+02,2.398278E+01,5.237634E-01,4.403353E-01,3.928521E-01,-8.130770E-02,8.828191E-01,5.404110E-02,-1.792430E-02
9.857493E-01,7.908260E+02,2.401612E+01,4.934261E-01,4.245577E-01,3.727011E-01,-7.231790E-02,8.516856E-01,3.971020E-02,-1.506110E-02
9.977174E-01,8.004274E+02,2.404675E+01,4.638508E-01,4.088310E-01,3.529599E-01,-6.398650E-02,8.205072E-01,2.663010E-02,-1.239540E-02
1.009703E+00,8.100427E+02,2.407468E+01,4.353554E-01,3.932457E-01,3.336133E-01,-5.634040E-02,7.897390E-01,1.496580E-02,-9.966800E-03
1.021704E+00,8.196706E+02,2.409993E+01,4.081924E-01,3.778549E-01,3.149436E-01,-4.941440E-02,7.595004E-01,4.686900E-03,-7.755000E-03
1.033719E+00,8.293103E+02,2.412261E+01,3.823517E-01,3.626966E-01,2.970722E-01,-4.320700E-02,7.301703E-01,-4.242000E-03,-5.769400E-03
1.045748E+00,8.389606E+02,2.414297E+01,3.575682E-01,3.478072E-01,2.797758E-01,-3.759340E-02,7.016788E-01,-1.202960E-02,-3.987500E-03
1.057789E+00,8.486204E+02,2.416120E+01,3.337799E-01,3.332031E-01,2.630162E-01,-3.249200E-02,6.740893E-01,-1.876580E-02,-2.414700E-03
1.069840E+00,8.582887E+02,2.417739E+01,3.111541E-01,3.188996E-01,2.468718E-01,-2.790490E-02,6.473989E-01,-2.449280E-02,-1.037900E-03
1.081901E+00,8.679645E+02,2.419170E+01,2.897872E-01,3.049025E-01,2.313342E-01,-2.378030E-02,6.215632E-01,-2.927130E-02,1.660000E-04
1.093970E+00,8.776466E+02,2.420425E+01,2.699622E-01,2.912216E-01,2.162929E-01,-2.011510E-02,5.964701E-01,-3.297070E-02,1.218900E-03
1.106045E+00,8.873340E+02,2.421513E+01,2.518206E-01,2.778876E-01,2.019558E-01,-1.692380E-02,5.723591E-01,-3.555400E-02,2.127200E-03
1.118125E+00,8.970257E+02,2.422449E+01,2.352312E-01,2.649616E-01,1.886123E-01,-1.418640E-02,5.494109E-01,-3.721180E-02,2.873700E-03
1.130210E+00,9.067206E+02,2.423251E+01,2.200899E-01,2.524959E-01,1.762171E-01,-1.185160E-02,5.276485E-01,-3.820620E-02,3.477000E-03
1.142297E+00,9.164177E+02,2.423934E+01,2.063536E-01,2.405196E-01,1.647494E-01,-9.881600E-03,5.070446E-01,-3.864430E-02,3.950900E-03
1.154386E+00,9.261157E+02,2.424513E+01,1.938073E-01,2.290714E-01,1.540635E-01,-8.228900E-03,4.876630E-01,-3.858690E-02,4.318400E-03
1.166474E+00,9.358138E+02,2.425006E+01,1.822679E-01,2.181988E-01,1.441239E-01,-6.835400E-03,4.695465E-01,-3.812670E-02,4.580700E-03
1.178561E+00,9.455109E+02,2.425425E+01,1.715827E-01,2.079233E-01,1.347500E-01,-5.642600E-03,4.527260E-01,-3.737450E-02,4.755400E-03
1.190646E+00,9.552057E+02,2.425781E+01,1.618011E-01,1.982192E-01,1.258794E-01,-4.644700E-03,4.370675E-01,-3.636830E-02,4.859700E-03
1.202726E+00,9.648975E+02,2.426082E+01,1.528476E-01,1.890485E-01,1.174996E-01,-3.817100E-03,4.224615E-01,-3.518170E-02,4.915900E-03
1.214801E+00,9.745849E+02,2.426338E+01,1.446894E-01,1.803702E-01,1.096619E-01,-3.126500E-03,4.087176E-01,-3.390170E-02,4.932200E-03
1.226870E+00,9.842670E+02,2.426555E+01,1.373053E-01,1.721410E-01,1.024460E-01,-2.548100E-03,3.957130E-01,-3.255570E-02,4.924800E-03
1.238931E+00,9.939428E+02,2.426738E+01,1.305447E-01,1.643394E-01,9.585330E-02,-2.068000E-03,3.833949E-01,-3.114630E-02,4.896900E-03
1.250982E+00,1.003611E+03,2.426892E+01,1.242831E-01,1.569671E-01,8.983840E-02,-1.674800E-03,3.718246E-01,-2.967900E-02,4.855000E-03
1.263023E+00,1.013271E+03,2.427023E+01,1.184774E-01,1.500265E-01,8.432100E-02,-1.355300E-03,3.610121E-01,-2.817760E-02,4.792800E-03
1.275052E+00,1.022921E+03,2.427133E+01,1.131307E-01,1.435089E-01,7.924430E-02,-1.094400E-03,3.509344E-01,-2.668770E-02,4.713400E-03
1.287067E+00,1.032561E+03,2.427228E+01,1.082066E-01,1.373979E-01,7.457830E-02,-8.881000E-04,3.415229E-01,-2.522820E-02,4.617900E-03
1.299068E+00,1.042189E+03,2.427310E+01,1.036253E-01,1.316923E-01,7.021670E-02,-7.239000E-04,3.327672E-01,-2.381460E-02,4.507200E-03
1.311054E+00,1.051804E+03,2.427381E+01,9.934230E-02,1.263914E-01,6.612040E-02,-5.906000E-04,3.246080E-01,-2.246530E-02,4.380100E-03
1.323022E+00,1.061406E+03,2.427443E+01,9.531910E-02,1.214747E-01,6.237070E-02,-4.834000E-04,3.169955E-01,-2.119070E-02,4.242900E-03
1.334971E+00,1.070992E+03,2.427498E+01,9.153540E-02,1.169070E-01,5.895270E-02,-3.996000E-04,3.098320E-01,-1.999270E-02,4.100000E-03
1.346901E+00,1.080563E+03,2.427546E+01,8.799450E-02,1.126498E-01,5.582970E-02,-3.333000E-04,3.030702E-01,-1.886980E-02,3.957100E-03
1.358810E+00,1.090117E+03,2.427591E+01,8.467450E-02,1.086731E-01,5.289980E-02,-2.816000E-04,2.966652E-01,-1.781660E-02,3.815100E-03
1.370696E+00,1.099653E+03,2.427633E+01,8.157370E-02,1.049512E-01,5.015330E-02,-2.393000E-04,2.905936E-01,-1.683120E-02,3.677300E-03
1.382558E+00,1.109169E+03,2.427672E+01,7.869310E-02,1.014595E-01,4.762690E-02,-2.038000E-04,2.848166E-01,-1.590520E-02,3.545500E-03
1.394396E+00,1.118666E+03,2.427708E+01,7.600320E-02,9.818400E-02,4.527100E-02,-1.742000E-04,2.793366E-01,-1.503200E-02,3.418900E-03
1.406207E+00,1.128142E+03,2.427744E+01,7.345660E-02,9.511780E-02,4.301050E-02,-1.500000E-04,2.741338E-01,-1.420790E-02,3.296000E-03
1.417990E+00,1.137595E+03,2.427778E+01,7.103270E-02,9.224950E-02,4.088440E-02,-1.284000E-04,2.691968E-01,-1.343810E-02,3.175500E-03
1.429745E+00,1.147025E+03,2.427811E+01,6.871100E-02,8.956460E-02,3.895820E-02,-1.097000E-04,2.644942E-01,-1.272230E-02,3.057400E-03
1.441470E+00,1.156431E+03,2.427843E+01,6.650220E-02,8.705130E-02,3.720430E-02,-9.300000E-05,2.600151E-01,-1.205440E-02,2.941300E-03
1.453162E+00,1.165812E+03,2.427875E+01,6.440420E-02,8.469920E-02,3.556580E-02,-8.000000E-05,2.557375E-01,-1.142670E-02,2.827700E-03
1.464823E+00,1.175167E+03,2.427905E+01,6.239950E-02,8.249960E-02,3.401070E-02,-7.110000E-05,2.516564E-01,-1.083430E-02,2.716800E-03
1.476449E+00,1.184494E+03,2.427935E+01,6.047510E-02,8.044250E-02,3.254560E-02,-6.630000E-05,2.477490E-01,-1.027380E-02,2.609700E-03
1.488040E+00,1.193793E+03,2.427963E+01,5.863550E-02,7.851510E-02,3.118880E-02,-6.390000E-05,2.440025E-01,-9.744900E-03,2.507000E-03
1.499594E+00,1.203062E+03,2.427991E+01,5.688510E-02,7.670370E-02,2.994480E-02,-6.300000E-05,2.403927E-01,-9.247200E-03,2.409600E-03
1.511110E+00,1.212301E+03,2.428019E+01,5.521910E-02,7.499630E-02,2.878220E-02,-6.220000E-05,2.369152E-01,-8.779600E-03,2.317700E-03
1.522588E+00,1.221509E+03,2.428046E+01,5.363480E-02,7.338300E-02,2.768360E-02,-6.150000E-05,2.335573E-01,-8.340400E-03,2.231100E-03
1.534024E+00,1.230684E+03,2.428073E+01,5.211460E-02,7.185670E-02,2.663490E-02,-5.980000E-05,2.303264E-01,-7.928700E-03,2.149100E-03
1.545420E+00,1.239826E+03,2.428100E+01,5.064500E-02,7.041250E-02,2.563900E-02,-5.720000E-05,2.272131E-01,-7.540700E-03,2.070900E-03
1.556772E+00,1.248934E+03,2.428126E+01,4.923190E-02,6.904130E-02,2.470010E-02,-5.440000E-05,2.242170E-01,-7.173400E-03,1.996600E-03
1.568080E+00,1.258006E+03,2.428152E+01,4.788270E-02,6.773350E-02,2.381630E-02,-5.240000E-05,2.213208E-01,-6.824900E-03,1.926300E-03
1.579343E+00,1.267042E+03,2.428178E+01,4.658710E-02,6.648360E-02,2.297520E-02,-5.090000E-05,2.185288E-01,-6.495000E-03,1.859900E-03
1.590559E+00,1.276040E+03,2.428203E+01,4.533780E-02,6.529120E-02,2.216970E-02,-4.960000E-05,2.158293E-01,-6.182400E-03,1.796700E-03
1.601728E+00,1.285000E+03,2.428228E+01,4.412420E-02,6.415780E-02,2.138930E-02,-4.760000E-05,2.132303E-01,-5.886600E-03,1.736000E-03
1.612847E+00,1.293921E+03,2.428253E+01,4.294520E-02,6.308320E-02,2.063460E-02,-4.570000E-05,2.107179E-01,-5.605800E-03,1.677400E-03
1.623916E+00,1.302801E+03,2.428278E+01,4.180030E-02,6.206470E-02,1.990890E-02,-4.350000E-05,2.082985E-01,-5.339400E-03,1.620700E-03
1.634934E+00,1.311640E+03,2.428302E+01,4.069280E-02,6.109820E-02,1.921620E-02,-4.180000E-05,2.059565E-01,-5.086200E-03,1.566200E-03
1.645899E+00,1.320437E+03,2.428326E+01,3.962090E-02,6.017980E-02,1.855480E-02,-4.030000E-05,2.037000E-01,-4.845600E-03,1.513800E-03
1.656810E+00,1.329190E+03,2.428349E+01,3.858400E-02,5.930640E-02,1.792230E-02,-3.910000E-05,2.015137E-01,-4.616700E-03,1.463500E-03
1.667666E+00,1.337899E+03,2.428373E+01,3.757840E-02,5.847510E-02,1.731390E-02,-3.770000E-05,1.994070E-01,-4.399000E-03,1.415100E-03
1.678466E+00,1.346563E+03,2.428396E+01,3.660430E-02,5.768320E-02,1.673210E-02,-3.670000E-05,1.973641E-01,-4.191600E-03,1.368800E-03
1.689208E+00,1.355182E+03,2.428418E+01,3.565800E-02,5.692800E-02,1.617390E-02,-3.550000E-05,1.953959E-01,-3.994300E-03,1.324200E-03
1.699891E+00,1.363752E+03,2.428441E+01,3.473990E-02,5.620740E-02,1.563940E-02,-3.460000E-05,1.934861E-01,-3.806000E-03,1.281400E-03
1.710515E+00,1.372275E+03,2.428463E+01,3.384660E-02,5.551930E-02,1.512530E-02,-3.350000E-05,1.916466E-01,-3.626700E-03,1.240300E-03
1.721078E+00,1.380749E+03,2.428485E+01,3.297860E-02,5.486200E-02,1.463190E-02,-3.260000E-05,1.898608E-01,-3.455600E-03,1.200800E-03
1.731578E+00,1.389174E+03,2.428506E+01,3.213310E-02,5.423380E-02,1.415650E-02,-3.160000E-05,1.881415E-01,-3.292500E-03,1.162800E-03
1.742016E+00,1.397547E+03,2.428528E+01,3.131060E-02,5.363330E-02,1.369960E-02,-3.080000E-05,1.864716E-01,-3.136700E-03,1.126300E-03
1.752388E+00,1.405869E+03,2.428548E+01,3.050840E-02,5.305920E-02,1.325880E-02,-2.980000E-05,1.848649E-01,-2.988200E-03,1.091100E-03
1.762696E+00,1.414138E+03,2.428569E+01,2.972740E-02,5.251000E-02,1.283450E-02,-2.900000E-05,1.833037E-01,-2.846100E-03,1.057200E-03
1.772936E+00,1.422353E+03,2.428590E+01,2.896490E-02,5.198480E-02,1.242480E-02,-2.810000E-05,1.818025E-01,-2.710700E-03,1.024500E-03
1.783109E+00,1.430515E+03,2.428610E+01,2.822200E-02,5.148220E-02,1.202990E-02,-2.730000E-05,1.803433E-01,-2.581100E-03,9.929000E-04
1.793213E+00,1.438620E+03,2.428630E+01,2.749590E-02,5.100140E-02,1.164830E-02,-2.650000E-05,1.789414E-01,-2.457500E-03,9.624000E-04
1.803246E+00,1.446670E+03,2.428650E+01,2.678800E-02,5.054130E-02,1.128000E-02,-2.570000E-05,1.775781E-01,-2.339100E-03,9.330000E-04
1.813209E+00,1.454663E+03,2.428669E+01,2.609550E-02,5.010090E-02,1.092380E-02,-2.490000E-05,1.762695E-01,-2.226200E-03,9.046000E-04
1.823099E+00,1.462597E+03,2.428689E+01,2.542000E-02,4.967950E-02,1.057980E-02,-2.420000E-05,1.749965E-01,-2.118100E-03,8.771000E-04
1.832916E+00,1.470473E+03,2.428707E+01,2.475860E-02,4.927610E-02,1.024670E-02,-2.340000E-05,1.737759E-01,-2.014900E-03,8.504000E-04
1.842659E+00,1.478289E+03,2.428726E+01,2.411310E-02,4.889000E-02,9.924800E-03,-2.270000E-05,1.725881E-01,-1.916100E-03,8.247000E-04
1.852326E+00,1.486045E+03,2.428745E+01,2.348070E-02,4.852050E-02,9.612900E-03,-2.200000E-05,1.714503E-01,-1.821700E-03,7.997000E-04
1.861917E+00,1.493739E+03,2.428763E+01,2.286300E-02,4.816690E-02,9.311000E-03,-2.130000E-05,1.703429E-01,-1.731300E-03,7.755000E-04
1.871429E+00,1.501370E+03,2.428781E+01,2.225750E-02,4.782840E-02,9.018400E-03,-2.060000E-05,1.692833E-01,-1.645000E-03,7.520000E-04
1.880864E+00,1.508939E+03,2.428799E+01,2.166590E-02,4.750450E-02,8.735000E-03,-1.990000E-05,1.682518E-01,-1.562400E-03,7.293000E-04
1.890219E+00,1.516444E+03,2.428816E+01,2.108560E-02,4.719450E-02,8.460100E-03,-1.920000E-05,1.672661E-01,-1.483400E-03,7.072000E-04
1.899492E+00,1.523884E+03,2.428833E+01,2.051830E-02,4.689790E-02,8.193700E-03,-1.860000E-05,1.663063E-01,-1.407800E-03,6.857000E-04
1.908685E+00,1.531259E+03,2.428850E+01,1.996160E-02,4.661410E-02,7.935000E-03,-1.790000E-05,1.653904E-01,-1.335700E-03,6.648000E-04
1.917794E+00,1.538567E+03,2.428867E+01,1.941720E-02,4.634270E-02,7.684100E-03,-1.730000E-05,1.644983E-01,-1.266600E-03,6.446000E-04
1.926820E+00,1.545808E+03,2.428884E+01,1.888270E-02,4.608310E-02,7.440400E-03,-1.670000E-05,1.636484E-01,-1.200600E-03,6.249000E-04
1.935761E+00,1.552981E+03,2.428900E+01,1.835980E-02,4.583480E-02,7.203700E-03,-1.610000E-05,1.628204E-01,-1.137400E-03,6.057000E-04
1.944617E+00,1.560086E+03,2.428916E+01,1.784620E-02,4.559740E-02,6.973800E-03,-1.550000E-05,1.620329E-01,-1.077100E-03,5.870000E-04
1.953386E+00,1.567120E+03,2.428932E+01,1.734360E-02,4.537050E-02,6.750400E-03,-1.490000E-05,1.612655E-01,-1.019400E-03,5.689000E-04
1.962067E+00,1.574085E+03,2.428948E+01,1.684980E-02,4.515370E-02,6.533200E-03,-1.430000E-05,1.605368E-01,-9.643000E-04,5.512000E-04
1.970659E+00,1.580978E+03,2.428963E+01,1.636650E-02,4.494650E-02,6.321900E-03,-1.380000E-05,1.598267E-01,-9.117000E-04,5.340000E-04
1.979162E+00,1.587800E+03,2.428978E+01,1.589140E-02,4.474860E-02,6.116500E-03,-1.320000E-05,1.591537E-01,-8.614000E-04,5.172000E-04
1.987575E+00,1.594549E+03,2.428993E+01,1.542630E-02,4.455960E-02,5.916500E-03,-1.260000E-05,1.584978E-01,-8.134000E-04,5.008000E-04
1.995896E+00,1.601225E+03,2.429008E+01,1.496910E-02,4.437920E-02,5.721900E-03,-1.210000E-05,1.578773E-01,-7.676000E-04,4.848000E-04
2.004125E+00,1.607827E+03,2.429023E+01,1.452140E-02,4.420710E-02,5.532400E-03,-1.160000E-05,1.572726E-01,-7.238000E-04,4.692000E-04
2.012261E+00,1.614354E+03,2.429037E+01,1.408120E-02,4.404290E-02,5.348000E-03,-1.100000E-05,1.567017E-01,-6.821000E-04,4.540000E-04
2.020303E+00,1.620805E+03,2.429051E+01,1.365020E-02,4.388640E-02,5.168300E-03,-1.050000E-05,1.561453E-01,-6.423000E-04,4.392000E-04
2.028250E+00,1.627181E+03,2.429065E+01,1.322630E-02,4.373720E-02,4.993300E-03,-1.000000E-05,1.556213E-01,-6.043000E-04,4.247000E-04
2.036101E+00,1.633479E+03,2.429079E+01,1.281120E-02,4.359510E-02,4.822600E-03,-9.500000E-06,1.551106E-01,-5.682000E-04,4.106000E-04
2.043855E+00,1.639700E+03,2.429092E+01,1.240290E-02,4.345980E-02,4.656400E-03,-9.000000E-06,1.546307E-01,-5.337000E-04,3.967000E-04
2.051512E+00,1.645843E+03,2.429105E+01,1.200310E-02,4.333100E-02,4.494200E-03,-8.500000E-06,1.541629E-01,-5.009000E-04,3.833000E-04
2.059070E+00,1.651907E+03,2.429118E+01,1.160990E-02,4.320850E-02,4.336300E-03,-8.100000E-06,1.537246E-01,-4.697000E-04,3.701000E-04
2.066529E+00,1.657891E+03,2.429131E+01,1.122490E-02,4.309200E-02,4.182000E-03,-7.600000E-06,1.532974E-01,-4.400000E-04,3.572000E-04
2.073888E+00,1.663795E+03,2.429144E+01,1.084620E-02,4.298140E-02,4.031900E-03,-7.100000E-06,1.528981E-01,-4.119000E-04,3.446000E-04
2.081146E+00,1.669618E+03,2.429156E+01,1.047550E-02,4.287640E-02,3.885100E-03,-6.700000E-06,1.525091E-01,-3.850000E-04,3.323000E-04
2.088303E+00,1.675359E+03,2.429168E+01,1.011090E-02,4.277680E-02,3.742200E-03,-6.200000E-06,1.521465E-01,-3.596000E-04,3.202000E-04
2.095357E+00,1.681018E+03,2.429180E+01,9.754000E-03,4.268230E-02,3.602400E-03,-5.800000E-06,1.517933E-01,-3.355000E-04,3.084000E-04
2.102308E+00,1.686595E+03,2.429192E+01,9.403100E-03,4.259290E-02,3.466400E-03,-5.400000E-06,1.514651E-01,-3.126000E-04,2.969000E-04
2.109155E+00,1.692088E+03,2.429203E+01,9.059700E-03,4.250820E-02,3.333200E-03,-4.900000E-06,1.511455E-01,-2.909000E-04,2.857000E-04
2.115898E+00,1.697497E+03,2.429215E+01,8.722100E-03,4.242810E-02,3.203700E-03,-4.500000E-06,1.508495E-01,-2.704000E-04,2.747000E-04
2.122535E+00,1.702822E+03,2.429226E+01,8.391800E-03,4.235240E-02,3.076900E-03,-4.100000E-06,1.505613E-01,-2.509000E-04,2.639000E-04
2.129065E+00,1.708061E+03,2.429237E+01,8.067300E-03,4.228100E-02,2.953600E-03,-3.700000E-06,1.502955E-01,-2.326000E-04,2.534000E-04
2.135489E+00,1.713215E+03,2.429248E+01,7.749900E-03,4.221360E-02,2.832800E-03,-3.300000E-06,1.500367E-01,-2.153000E-04,2.431000E-04
2.141806E+00,1.718282E+03,2.429258E+01,7.438100E-03,4.215020E-02,2.715400E-03,-2.900000E-06,1.497989E-01,-1.989000E-04,2.330000E-04
2.148014E+00,1.723262E+03,2.429269E+01,7.133300E-03,4.209050E-02,2.600300E-03,-2.500000E-06,1.495675E-01,-1.836000E-04,2.231000E-04
2.154113E+00,1.728156E+03,2.429279E+01,6.834100E-03,4.203440E-02,2.488600E-03,-2.200000E-06,1.493557E-01,-1.691000E-04,2.135000E-04
2.160102E+00,1.732961E+03,2.429289E+01,6.541700E-03,4.198170E-02,2.379000E-03,-1.800000E-06,1.491498E-01,-1.554000E-04,2.041000E-04
2.165981E+00,1.737677E+03,2.429298E+01,6.254900E-03,4.193230E-02,2.272700E-03,-1.500000E-06,1.489622E-01,-1.427000E-04,1.949000E-04
2.171749E+00,1.742305E+03,2.429308E+01,5.974700E-03,4.188610E-02,2.168400E-03,-1.100000E-06,1.487799E-01,-1.307000E-04,1.859000E-04
2.177406E+00,1.746843E+03,2.429317E+01,5.700100E-03,4.184290E-02,2.067300E-03,-8.000000E-07,1.486146E-01,-1.194000E-04,1.771000E-04
2.182950E+00,1.751291E+03,2.429326E+01,5.432000E-03,4.180260E-02,1.968200E-03,-4.000000E-07,1.484541E-01,-1.089000E-04,1.686000E-04
2.188382E+00,1.755649E+03,2.429335E+01,5.169500E-03,4.176510E-02,1.872200E-03,-1.000000E-07,1.483094E-01,-9.910000E-05,1.602000E-04
2.193700E+00,1.759915E+03,2.429344E+01,4.913400E-03,4.173020E-02,1.778000E-03,2.000000E-07,1.481689E-01,-9.000000E-05,1.520000E-04
2.198905E+00,1.764090E+03,2.429352E+01,4.662800E-03,4.169780E-02,1.686900E-03,5.000000E-07,1.480431E-01,-8.150000E-05,1.440000E-04
2.203994E+00,1.768174E+03,2.429361E+01,4.418600E-03,4.166770E-02,1.597600E-03,8.000000E-07,1.479210E-01,-7.360000E-05,1.362000E-04
2.208969E+00,1.772165E+03,2.429369E+01,4.180000E-03,4.164000E-02,1.511300E-03,1.100000E-06,1.478124E-01,-6.620000E-05,1.286000E-04
2.213828E+00,1.776063E+03,2.429377E+01,3.947600E-03,4.161440E-02,1.426800E-03,1.400000E-06,1.477071E-01,-5.950000E-05,1.212000E-04
2.218571E+00,1.779868E+03,2.429384E+01,3.720800E-03,4.159090E-02,1.345200E-03,1.700000E-06,1.476142E-01,-5.320000E-05,1.140000E-04
2.223197E+00,1.783579E+03,2.429392E+01,3.500200E-03,4.156930E-02,1.265300E-03,2.000000E-06,1.475242E-01,-4.740000E-05,1.070000E-04
2.227706E+00,1.787196E+03,2.429399E+01,3.285300E-03,4.154950E-02,1.188400E-03,2.200000E-06,1.474454E-01,-4.210000E-05,1.001000E-04
2.232097E+00,1.790719E+03,2.429406E+01,3.076500E-03,4.153150E-02,1.113200E-03,2.500000E-06,1.473691E-01,-3.730000E-05,9.350000E-05
2.236370E+00,1.794147E+03,2.429413E+01,2.873300E-03,4.151510E-02,1.040900E-03,2.700000E-06,1.473031E-01,-3.280000E-05,8.700000E-05
2.240525E+00,1.797480E+03,2.429420E+01,2.676400E-03,4.150030E-02,9.705000E-04,2.900000E-06,1.472392E-01,-2.880000E-05,8.080000E-05
2.244560E+00,1.800718E+03,2.429426E+01,2.485100E-03,4.148690E-02,9.027000E-04,3.100000E-06,1.471845E-01,-2.510000E-05,7.470000E-05
2.248476E+00,1.803859E+03,2.429432E+01,2.300400E-03,4.147490E-02,8.374000E-04,3.300000E-06,1.471316E-01,-2.170000E-05,6.880000E-05
2.252271E+00,1.806904E+03,2.429438E+01,2.121200E-03,4.146410E-02,7.743000E-04,3.400000E-06,1.470870E-01,-1.870000E-05,6.300000E-05
2.255947E+00,1.809853E+03,2.429444E+01,1.949000E-03,4.145460E-02,7.143000E-04,3.500000E-06,1.470437E-01,-1.600000E-05,5.750000E-05
2.259501E+00,1.812704E+03,2.429449E+01,1.782400E-03,4.144610E-02,6.562000E-04,3.600000E-06,1.470081E-01,-1.360000E-05,5.220000E-05
2.262935E+00,1.815459E+03,2.429454E+01,1.623400E-03,4.143870E-02,6.023000E-04,3.600000E-06,1.469733E-01,-1.150000E-05,4.700000E-05
2.266246E+00,1.818116E+03,2.429459E+01,1.470100E-03,4.143220E-02,5.495000E-04,3.600000E-06,1.469453E-01,-9.600000E-06,4.200000E-05
2.269436E+00,1.820675E+03,2.429464E+01,1.325300E-03,4.142660E-02,5.028000E-04,3.600000E-06,1.469178E-01,-8.000000E-06,3.720000E-05
2.272504E+00,1.823136E+03,2.429468E+01,1.186200E-03,4.142180E-02,4.562000E-04,3.500000E-06,1.468965E-01,-6.500000E-06,3.260000E-05
2.275449E+00,1.825498E+03,2.429473E+01,1.057200E-03,4.141780E-02,4.187000E-04,3.400000E-06,1.468753E-01,-5.300000E-06,2.820000E-05
2.278271E+00,1.827763E+03,2.429476E+01,9.336000E-04,4.141430E-02,3.796000E-04,3.300000E-06,1.468597E-01,-4.200000E-06,2.390000E-05
2.280970E+00,1.829928E+03,2.429480E+01,8.226000E-04,4.141160E-02,3.540000E-04,3.100000E-06,1.468437E-01,-3.300000E-06,1.990000E-05
2.283545E+00,1.831994E+03,2.429483E+01,7.162000E-04,4.140920E-02,3.244000E-04,2.900000E-06,1.468328E-01,-2.600000E-06,1.600000E-05
2.285996E+00,1.833960E+03,2.429486E+01,6.261000E-04,4.140750E-02,3.143000E-04,2.700000E-06,1.468212E-01,-2.000000E-06,1.230000E-05
2.288324E+00,1.835827E+03,2.429489E+01,5.394000E-04,4.140610E-02,2.960000E-04,2.400000E-06,1.468142E-01,-1.500000E-06,8.800000E-06
2.290527E+00,1.837595E+03,2.429491E+01,4.744000E-04,4.140520E-02,3.028000E-04,2.200000E-06,1.468061E-01,-1.100000E-06,5.400000E-06
2.292605E+00,1.839262E+03,2.429493E+01,4.104000E-04,4.140440E-02,2.960000E-04,1.900000E-06,1.468022E-01,-8.000000E-07,2.300000E-06
2.294559E+00,1.840829E+03,2.429494E+01,3.748000E-04,4.140420E-02,3.167000E-04,1.600000E-06,1.467970E-01,-5.000000E-07,-7.000000E-07
2.296387E+00,1.842296E+03,2.429496E+01,3.360000E-04,4.140400E-02,3.178000E-04,1.300000E-06,1.467956E-01,-4.000000E-07,-3.400000E-06
2.298090E+00,1.843663E+03,2.429497E+01,3.288000E-04,4.140420E-02,3.453000E-04,1.100000E-06,1.467926E-01,-3.000000E-07,-6.000000E-06
2.299668E+00,1.844929E+03,2.429498E+01,3.105000E-04,4.140440E-02,3.478000E-04,8.000000E-07,1.467930E-01,-2.000000E-07,-8.400000E-06
2.301121E+00,1.846094E+03,2.429499E+01,3.195000E-04,4.140500E-02,3.724000E-04,6.000000E-07,1.467919E-01,-2.000000E-07,-1.070000E-05
2.302447E+00,1.847158E+03,2.429499E+01,3.079000E-04,4.140550E-02,3.671000E-04,4.000000E-07,1.467936E-01,-2.000000E-07,-1.270000E-05
2.303648E+00,1.848121E+03,2.429500E+01,3.141000E-04,4.140620E-02,3.767000E-04,3.000000E-07,1.467938E-01,-1.000000E-07,-1.460000E-05
2.304722E+00,1.848983E+03,2.429500E+01,2.927000E-04,4.140680E-02,3.523000E-04,1.000000E-07,1.467962E-01,-1.000000E-07,-1.630000E-05
2.305671E+00,1.849744E+03,2.429500E+01,2.797000E-04,4.140750E-02,3.350000E-04,0.000000E+00,1.467974E-01,-1.000000E-07,-1.780000E-05
2.306493E+00,1.850404E+03,2.429501E+01,2.375000E-04,4.140800E-02,2.839000E-04,0.000000E+00,1.468001E-01,-1.000000E-07,-1.920000E-05
2.307189E+00,1.850962E+03,2.429501E+01,2.002000E-04,4.140840E-02,2.375000E-04,-1.000000E-07,1.468017E-01,0.000000E+00,-2.030000E-05
2.307758E+00,1.851419E+03,2.429501E+01,1.425000E-04,4.140860E-02,1.676000E-04,-1.000000E-07,1.468041E-01,0.000000E+00,-2.120000E-05
2.308201E+00,1.851775E+03,2.429501E+01,9.710000E-05,4.140880E-02,1.113000E-04,-1.000000E-07,1.468056E-01,0.000000E+00,-2.190000E-05
2.308518E+00,1.852028E+03,2.429501E+01,5.090000E-05,4.140880E-02,5.150000E-05,-1.000000E-07,1.468070E-01,1.000000E-07,-2.240000E-05
2.308708E+00,1.852181E+03,2.429501E+01,3.310000E-05,4.140880E-02,2.210000E-05,-1.000000E-07,1.468079E-01,1.000000E-07,-2.270000E-05
2.308771E+00,1.852231E+03,2.429501E+01,2.920000E-05,4.140880E-02,1.200000E-05,-1.000000E-07,1.468081E-01,1.000000E-07,-2.280000E-05