0.000000000000     0.000000000000
0.000644356082    0.008596038156
0.001887970058    0.011582015439
0.003647016867    0.014623992911
0.005921318164    0.017718265283
0.008710158224    0.020860409811
0.012012275010    0.024045311917
0.015825850660    0.027267195522
0.020148501609    0.030519657854
0.024977268543    0.033795708432
0.030308606413    0.037087811928
0.036138374774    0.040387934541
0.042461828674    0.043687593528
0.049273610365    0.046977909492
0.056567742094    0.050249661011
0.064337620208    0.053493341188
0.072576010821    0.056699215674
0.081275047274    0.059857381728
0.090426229567    0.062957827856
0.100020425976    0.065990493589
0.110047876973    0.068945328951
0.120498201600    0.071812353196
0.131360406371    0.074581712387
0.142622896764    0.077243735417
0.154273491315    0.079788988112
0.166299438307    0.082208325037
0.178687434997    0.084492938713
0.191423649283    0.086634405937
0.204493743707    0.088624730950
0.217882901623    0.090456385256
0.231575855358    0.092122343887
0.245556916150    0.093616118002
0.259810005642    0.094931783707
0.274318688675    0.096064007046
0.289066207130    0.097008065159
0.304035514542    0.097759863615
0.319209311229    0.098315949999
0.334570079652    0.098673523842
0.350100119755    0.098830443040
0.365781584032    0.098785226900
0.381596512089    0.098537056032
0.397526864479    0.098085769270
0.413344200521    0.097456970472
0.429206568906    0.096696736097
0.445135975506    0.095808537197
0.461115626383    0.094795322986
0.477128726942    0.093660340529
0.493158501913    0.092407118536
0.509188214756    0.091039451342
0.525201186492    0.089561383227
0.541180813956    0.087977193218
0.557110587497    0.086291380502
0.572974108144    0.084508650534
0.588755104263    0.082633901889
0.604437447733    0.080672213912
0.620005169665    0.078628835156
0.635442475707    0.076509172590
0.650733760946    0.074318781533
0.665863624436    0.072063356246
0.680816883387    0.069748721082
0.695578587002    0.067380822096
0.710134030006    0.064965718990
0.724468765842    0.062509577248
0.738568619552    0.060018660324
0.752419700333    0.057499321744
0.766008413743    0.054957996943
0.779321473557    0.052401194727
0.792345913235    0.049835488185
0.805069096983    0.047267504939
0.817478730379    0.044703916603
0.829562870526    0.042151427346
0.841309935704    0.039616761475
0.852708714494    0.037106649971
0.863748374330    0.034627815923
0.874418469475    0.032186958855
0.884708948370    0.029790737927
0.894610160363    0.027445754055
0.904112861791    0.025158530991
0.913208221411    0.022935495441
0.921887825186    0.020782956320
0.930143680429    0.018707083264
0.937968219327    0.016713884551
0.945354301862    0.014809184568
0.952295218158    0.012998601038
0.958784690307    0.011287522153
0.964816873693    0.009681083857
0.970386357886    0.008184147457
0.975488167145    0.006801277792
0.980117760587    0.005536722171
0.984271032088    0.004394390288
0.987944309968    0.003377835330
0.991134356520    0.002490236474
0.993838367445    0.001734382952
0.996053971232    0.001112659869
0.997779228556    0.000627035928
0.999012631706    0.000279053182
0.999753104117    0.000069818957
1.000000000000    0.00000000000
0.999887486925     -0.000001186066
0.999746858731     -0.000002669270
0.999550003804     -0.000004746916
0.999296946680     -0.000007420168
0.998987718900     -0.000010690527
0.998622358997     -0.000014559833
0.998200912489     -0.000019030270
0.997723431873     -0.000024104369
0.997189976608     -0.000029785016
0.996600613105     -0.000036075454
0.995955414714     -0.000042979292
0.995254461702     -0.000050500510
0.994497841241     -0.000058643468
0.993685647390     -0.000067412913
0.992817981069     -0.000076813986
0.991894950040     -0.000086852233
0.990916668886     -0.000097533613
0.989883258985     -0.000108864509
0.988794848482     -0.000120851736
0.987651572263     -0.000133502549
0.986453571930     -0.000146824660
0.985200995764     -0.000160826241
0.983893998703     -0.000175515941
0.982532742299     -0.000190902893
0.981117394695     -0.000206996723
0.979648130584     -0.000223807566
0.978125131173     -0.000241346073
0.976548584151     -0.000259623422
0.974918683644     -0.000278651328
0.973235630182     -0.000298442055
0.971499630657     -0.000319008423
0.969710898278     -0.000340363817
0.967869652536     -0.000362522202
0.965976119155     -0.000385498121
0.964030530050     -0.000409306713
0.962033123283     -0.000433963714
0.959984143016     -0.000459485465
0.957883839465     -0.000485888919
0.955732468853     -0.000513191645
0.953530293362     -0.000541411833
0.951277581083     -0.000570568296
0.948974605967     -0.000600680472
0.946621647777     -0.000631768428
0.944218992032     -0.000663852858
0.941766929963     -0.000696955082
0.939265758453     -0.000731097046
0.936715779991     -0.000766301315
0.934117302615     -0.000802591072
0.931470639859     -0.000839990111
0.928776110701     -0.000878522828
0.926034039506     -0.000918214216
0.923244755972     -0.000959089850
0.920408595074     -0.001001175879
0.917525897010     -0.001044499013
0.914597007143     -0.001089086504
0.911622275945     -0.001134966136
0.908602058940     -0.001182166202
0.905536716647     -0.001230715486
0.902426614525     -0.001280643243
0.899272122911     -0.001331979173
0.896073616964     -0.001384753402
0.892831476608     -0.001438996447
0.889546086471     -0.001494739198
0.886217835831     -0.001552012880
0.882847118550     -0.001610849025
0.879434333023     -0.001671279440
0.875979882111     -0.001733336169
0.872484173087     -0.001797051457
0.868947617576     -0.001862457715
0.865370631493     -0.001929587474
0.861753634984     -0.001998473348
0.858097052365     -0.002069147990
0.854401312066     -0.002141644044
0.850666846564     -0.002215994102
0.846894092330     -0.002292230653
0.843083489760     -0.002370386035
0.839235483123     -0.002450492384
0.835350520493     -0.002532581579
0.831429053693     -0.002616685190
0.827471538230     -0.002702834424
0.823478433236     -0.002791060065
0.819450201407     -0.002881392417
0.815387308939     -0.002973861249
0.811290225468     -0.003068495727
0.807159424010     -0.003165324361
0.802995380894     -0.003264374938
0.798798575704     -0.003365674460
0.794569491216     -0.003469249081
0.790308613336     -0.003575124043
0.786016431033     -0.003683323607
0.781693436284     -0.003793870993
0.777340124004     -0.003906788308
0.772956991988     -0.004022096484
0.768544540842     -0.004139815210
0.764103273928     -0.004259962861
0.759633697291     -0.004382556438
0.755136319602     -0.004507611494
0.750611652093     -0.004635142071
0.746060208490     -0.004765160631
0.741482504950     -0.004897677990
0.736879060000     -0.005032703254
0.732250394467     -0.005170243749
0.727597031416     -0.005310304960
0.722919496085     -0.005452890462
0.718218315822     -0.005598001864
0.713494020013     -0.005745638737
0.708747140026     -0.005895798559
0.703978209137     -0.006048476654
0.699187762468     -0.006203666131
0.694376336923     -0.006361357823
0.689544471118     -0.006521540240
0.684692705318     -0.006684199504
0.679821581370     -0.006849319303
0.674931642636     -0.007016880834
0.670023433925     -0.007186862760
0.665097501433     -0.007359241156
0.660154392669     -0.007533989467
0.655194656393     -0.007711078463
0.650218842547     -0.007890476201
0.645227502189     -0.008072147981
0.640221187430     -0.008256056314
0.635200451361     -0.008442160888
0.630165847993     -0.008630418531
0.625117932184     -0.008820783191
0.620057259578     -0.009013205904
0.614984386538     -0.009207634773
0.609899870076     -0.009404014945
0.604804267793     -0.009602288600
0.599698137808     -0.009802394930
0.594582038694     -0.010004270132
0.589456529415     -0.010207847396
0.584322169257     -0.010413056905
0.579179517767     -0.010619825829
0.574029134685     -0.010828078329
0.568871579883     -0.011037735560
0.563707413297     -0.011248715679
0.558537194870     -0.011460933859
0.553361484480     -0.011674302301
0.548180841886     -0.011888730250
0.542995826662     -0.012104124024
0.537806998133     -0.012320387029
0.532614915320     -0.012537419796
0.527420136872     -0.012755120006
0.522223221011     -0.012973382529
0.517024725471     -0.013192099459
0.511825207441     -0.013411160160
0.506625223503     -0.013630451304
0.501425329577     -0.013849856928
0.496226080862     -0.014069258477
0.491028031785     -0.014288534863
0.485831735940     -0.014507562523
0.480637746034     -0.014726215478
0.475446613838     -0.014944365396
0.470258890127     -0.015161881662
0.465075124632     -0.015378631446
0.459895865990     -0.015594479774
0.454721661688     -0.015809289608
0.449553058018     -0.016022921918
0.444390600026     -0.016235235767
0.439234831465     -0.016446088393
0.434086294747     -0.016655335293
0.428945530897     -0.016862830314
0.423813079508     -0.017068425741
0.418689478697     -0.017271972390
0.413575265060     -0.017473319702
0.408470973633     -0.017672315838
0.403377137846     -0.017868807781
0.398322159484     -0.018063038762
0.393334049009     -0.018259933605
0.388358291682     -0.018460843298
0.383395362646     -0.018665557765
0.378445734716     -0.018873863642
0.373509878387     -0.019085544414
0.368588261840     -0.019300380552
0.363681350942     -0.019518149661
0.358789609264     -0.019738626617
0.353913498084     -0.019961583713
0.349053476400     -0.020186790802
0.344210000947     -0.020414015447
0.339383526207     -0.020643023059
0.334574504426     -0.020873577051
0.329783385633     -0.021105438980
0.325010617655     -0.021338368695
0.320256646137     -0.021572124483
0.315521914566     -0.021806463216
0.310806864286     -0.022041140499
0.306111934524     -0.022275910811
0.301437562409     -0.022510527653
0.296784183001     -0.022744743692
0.292152229306     -0.022978310904
0.287542132308     -0.023210980713
0.282954320988     -0.023442504137
0.278389222350     -0.023672631923
0.273847261445     -0.023901114688
0.269328861397     -0.024127703052
0.264834443423     -0.024352147776
0.260364426864     -0.024574199892
0.255919229201     -0.024793610836
0.251499266083     -0.025010132573
0.247104951348     -0.025223517728
0.242736697044     -0.025433519705
0.238394913453     -0.025639892815
0.234080009108     -0.025842392386
0.229792390814     -0.026040774890
0.225532463666     -0.026234798049
0.221300631065     -0.026424220949
0.217097294736     -0.026608804147
0.212922854740     -0.026788309780
0.208777709489     -0.026962501662
0.204662255755     -0.027131145386
0.200576888681     -0.027294008422
0.196522001791     -0.027450860206
0.192497986994     -0.027601472232
0.188505234587     -0.027745618140
0.184544133261     -0.027883073798
0.180615070099     -0.028013617381
0.176718430577     -0.028137029449
0.172854598558     -0.028253093022
0.169023956286     -0.028361593646
0.165226884379     -0.028462319464
0.161463761820     -0.028555061278
0.157734965941     -0.028639612609
0.154040872410     -0.028715769751
0.150381855217     -0.028783331830
0.146758286646     -0.028842100849
0.143170537261     -0.028891881738
0.139618975876     -0.028932482396
0.136103969533     -0.028963713732
0.132625883466     -0.028985389700
0.129185081076     -0.028997327337
0.125781923892     -0.028999346790
0.122416771534     -0.028991271345
0.119089981676     -0.028972927453
0.115801910007     -0.028944144748
0.112552910178     -0.028904756071
0.109343333765     -0.028854597482
0.106173530215     -0.028793508275
0.103043846798     -0.028721330988
0.099954628549     -0.028637911409
0.096906218221     -0.028543098586
0.093898956219     -0.028436744824
0.090933180544     -0.028318705689
0.088009226732     -0.028188840008
0.085127427792     -0.028047009857
0.082288114136     -0.027893080564
0.079491613516     -0.027726920694
0.076738250952     -0.027548402041
0.074028348665     -0.027357399617
0.071362226003     -0.027153791636
0.068740199368     -0.026937459498
0.066162582140     -0.026708287774
0.063629684603     -0.026466164185
0.061141813868     -0.026210979583
0.058699273793     -0.025942627930
0.056302364903     -0.025661006273
0.053951384314     -0.025366014723
0.051646625651     -0.025057556430
0.049388378962     -0.024735537555
0.047176930642     -0.024399867247
0.045012563351     -0.024050457612
0.042895555926     -0.023687223691
0.040826183302     -0.023310083425
0.038804716432     -0.022918957634
0.036831422199     -0.022513769982
0.034906563335     -0.022094446951
0.033030398344     -0.021660917813
0.031203181414     -0.021213114598
0.029425162338     -0.020750972069
0.027696586436     -0.020274427691
0.026017694471     -0.019783421603
0.024388722576     -0.019277896589
0.022809902170     -0.018757798054
0.021281459885     -0.018223073995
0.019803617492     -0.017673674973
0.018376591823     -0.017109554093
0.017000594700     -0.016530666972
0.015675832868     -0.015936971723
0.014402507917     -0.015328428927
0.013180816222     -0.014705001611
0.012010948875     -0.014066655233
0.010893091618     -0.013413357656
0.009827424787     -0.012745079135
0.008814123245     -0.012061792296
0.007853356330     -0.011363472123
0.006945287798     -0.010650095945
0.006090075768     -0.009921643420
0.005287872673     -0.009178096527
0.004538825212     -0.008419439554
0.003843074303     -0.007645659092
0.003200755040     -0.006856744029
0.002611996655     -0.006052685543
0.002076922473     -0.005233477102
0.001595649887     -0.004399114461
0.001168290314     -0.003549595661
0.000794949175     -0.002684921036
0.000475725861     -0.001805093215
0.000210713714     -0.000910117124
0.000000000000     0.000000000000
